$ 1 0.000005 14.841315910257661 68 5 50 5e-11
t 336 432 368 432 0 1 0.5327371215271133 0.5644863022966131 100 default
r 320 384 320 416 0 100000
r 320 448 320 480 0 20000
g 320 480 320 496 0 0
g 368 448 368 464 0 0
w 336 432 320 432 0
w 320 432 320 448 0
r 368 336 368 368 0 100000
r 368 272 368 304 0 20000
w 368 368 368 416 0
w 368 304 368 320 0
w 368 320 368 336 0
t 384 320 416 320 0 -1 -0.5307833473162233 -0.5886415972331278 100 default
w 384 320 368 320 0
w 368 272 368 256 0
w 368 256 416 256 0
w 416 256 416 304 0
t 368 544 336 544 0 1 0.5331568075428184 0.5510850635625087 100 default
r 416 448 416 496 0 100000
w 416 496 416 544 0
w 416 544 368 544 0
r 416 560 416 592 0 20000
g 416 592 416 608 0 0
w 416 560 416 544 0
g 336 560 336 576 0 0
w 320 432 320 416 0
w 416 448 416 336 0
w 368 416 432 416 0
d 464 416 432 416 2 1N4148
r 480 272 480 304 0 100000
w 416 256 480 256 0
w 480 256 480 272 0
r 320 528 288 528 0 200
w 336 528 320 528 0
r 528 496 528 528 0 560000
r 576 272 576 304 0 120000
w 480 256 576 256 0
w 576 256 576 272 0
a 608 432 672 432 9 12.5 -12.5 1000000 6.233118761822618 0.3855802053685652 10000
w 480 448 608 448 0
w 528 496 528 320 0
w 528 320 576 320 0
w 576 304 576 320 0
d 576 384 576 400 2 1N4148
w 576 320 576 368 0
w 576 400 576 416 0
w 576 368 576 384 0
d 592 336 624 336 2 1N4148
r 656 368 624 368 0 150000
w 624 368 576 368 0
w 656 368 688 368 0
w 688 368 688 432 0
w 688 432 672 432 0
r 736 368 704 368 0 47000
w 688 368 704 368 0
t 768 288 800 288 0 -1 12.385835613170723 -0.09623383998138912 100 default
r 768 304 768 336 0 15000
w 736 368 768 368 0
w 768 352 768 368 0
r 736 288 704 288 0 2700
w 736 288 768 288 0
w 704 288 688 288 0
w 688 288 688 256 0
w 576 256 688 256 0
w 688 256 800 256 0
w 800 256 800 272 0
R 368 256 336 256 0 0 40 12.5 0 0 0.5
r 736 432 704 432 0 100000
w 704 432 688 432 0
w 736 432 752 432 0
w 752 432 752 448 0
g 688 464 688 480 0 0
d 704 464 736 464 2 default
w 752 448 752 464 0
w 752 464 736 464 0
w 688 464 704 464 0
t 784 432 816 432 0 1 -0.3575763384568844 -0.35181744584076846 100 default
t 784 480 816 480 0 -1 1.0051031520177272 0.9929331028317023 100 default
w 816 448 816 464 0
t 688 528 720 528 0 1 -10.951374963708291 0.5435218842739808 100 default
w 752 528 752 544 0
w 752 544 720 544 0
R 720 512 736 496 0 0 40 12.5 0 0 0.5
r 768 544 768 576 0 100000
w 768 480 768 528 0
w 752 528 768 528 0
R 768 576 768 608 0 0 40 -12.5 0 0 0.5
w 752 432 784 432 0
g 816 512 816 528 0 0
w 768 480 784 480 0
w 816 496 816 512 0
w 800 304 816 304 0
w 816 304 816 240 0
w 816 416 832 416 0
w 832 416 832 224 0
w 320 112 352 112 0
w 352 112 352 144 0
w 400 112 432 112 0
w 432 112 432 144 0
w 352 112 400 112 0
w 432 112 432 96 0
w 432 96 560 96 0
w 560 96 560 112 0
w 560 112 592 112 0
w 592 112 592 144 0
w 480 304 480 320 0
w 480 320 480 448 0
w 480 320 464 320 0
w 464 320 464 112 0
w 464 112 480 112 0
w 320 176 320 240 0
r 384 240 352 240 0 200
w 320 240 352 240 0
w 384 240 816 240 0
r 448 224 416 224 0 4300
w 400 176 400 224 0
w 400 224 416 224 0
w 448 224 832 224 0
w 560 176 624 176 0
w 624 176 624 80 0
w 624 80 272 80 0
w 272 80 272 528 0
w 272 528 288 528 0
w 320 384 320 368 0
w 320 368 224 368 0
S 224 368 176 368 0 0 false 0 2
R 176 384 144 384 0 0 40 12.5 0 0 0.5
R 176 352 144 352 0 0 40 -12 0 0 0.5
w 512 144 512 192 0
w 512 192 848 192 0
w 848 192 848 624 0
w 848 624 688 624 0
w 688 624 688 528 0
a 912 432 976 432 8 15 -15 1000000 0.017928777123329374 0.017928956411100608 100000
w 912 416 896 416 0
w 896 416 896 384 0
w 976 384 976 432 0
w 912 448 896 448 0
w 896 448 896 480 0
w 592 112 880 112 0
w 880 112 880 448 0
w 880 448 896 448 0
c 896 480 896 512 0 3.3e-7 0.017928956411100608 0.001
g 896 512 896 528 0 0
w 768 336 768 352 0
w 768 304 768 288 0
w 576 416 576 496 0
r 576 496 576 528 0 100000
w 576 528 576 640 0
w 576 640 976 640 0
w 976 640 976 432 0
w 624 336 752 336 0
w 752 336 752 352 0
w 752 352 768 352 0
174 320 176 352 112 1 200000 0.27230000000000004 Attack
174 400 176 432 112 1 100000 0.27230000000000004 Decay
174 480 176 512 112 1 100000 0.2525 Sustain
174 560 176 592 112 1 100000 0.24260000000000004 Release
x 108 416 160 419 4 24 Gate
s 160 640 208 640 0 1 false
x 89 608 149 611 4 24 Mode
w 608 416 576 416 0
w 576 416 464 416 0
w 528 640 208 640 0
p 640 304 640 272 3 0 0
w 640 304 640 320 0
w 640 320 576 320 0
p 928 384 928 352 3 0 0
R 160 640 128 640 0 0 40 -12 0 0 0.5
w 768 528 768 544 0
w 416 336 528 336 0
w 528 336 592 336 0
R 480 176 480 192 0 0 40 0 0 0 0.5
w 976 384 928 384 0
w 928 384 896 384 0
w 528 528 528 544 0
w 528 544 528 640 0
x 363 155 379 158 4 24 A
x 439 154 456 157 4 24 D
x 523 153 539 156 4 24 S
x 601 155 618 158 4 24 R
x 167 671 275 674 4 24 AD\srepeat
x 167 609 233 612 4 24 ADSR
x 182 417 213 420 4 24 Off
x 181 339 213 342 4 24 On
o 136 256 0 x8311a 0.07987629675963284 0.0001 0 2 1 -101 136 3 0.05 0
